59.00 2.00 32.10 101.00 157.00 93.20 38.00 4.00 4.90 87.00 151.00
48.00 1.00 21.60 87.00 183.00 103.20 70.00 3.00 3.90 69.00 75.00
72.00 2.00 30.50 93.00 156.00 93.60 41.00 4.00 4.71 85.00 141.00
24.00 1.00 25.30 84.00 198.00 131.40 40.00 5.00 4.93 89.00 206.00
50.00 1.00 23.00 101.00 192.00 125.40 52.00 4.00 4.31 80.00 135.00
23.00 1.00 22.60 89.00 139.00 64.80 61.00 2.00 4.21 68.00 97.00
36.00 2.00 22.00 90.00 160.00 99.60 50.00 3.00 3.96 82.00 138.00
66.00 2.00 26.20 114.00 255.00 185.00 56.00 4.55 4.27 92.00 63.00
60.00 2.00 32.10 83.00 179.00 119.40 42.00 4.00 4.50 94.00 110.00
29.00 1.00 30.00 85.00 180.00 93.40 43.00 4.00 5.44 88.00 310.00
22.00 1.00 18.60 97.00 114.00 57.60 46.00 2.00 3.96 83.00 101.00
56.00 2.00 28.00 85.00 184.00 144.80 32.00 6.00 3.58 77.00 69.00
53.00 1.00 23.70 92.00 186.00 109.20 62.00 3.00 4.33 81.00 179.00
50.00 2.00 26.20 97.00 186.00 105.40 49.00 4.00 5.11 88.00 185.00
61.00 1.00 24.00 91.00 202.00 115.40 72.00 3.00 4.31 73.00 118.00
34.00 2.00 24.70 118.00 254.00 184.20 39.00 7.00 5.08 81.00 171.00
47.00 1.00 30.30 109.00 207.00 100.20 70.00 3.00 5.27 98.00 166.00
68.00 2.00 27.50 111.00 214.00 147.00 39.00 5.00 4.98 91.00 144.00
38.00 1.00 25.40 84.00 162.00 103.00 42.00 4.00 4.47 87.00 97.00
41.00 1.00 24.70 83.00 187.00 108.20 60.00 3.00 4.57 78.00 168.00
35.00 1.00 21.10 82.00 156.00 87.80 50.00 3.00 4.54 95.00 68.00
25.00 2.00 24.30 95.00 162.00 98.60 54.00 3.00 3.86 87.00 49.00
25.00 1.00 26.00 92.00 187.00 120.40 56.00 3.00 3.98 88.00 68.00
61.00 2.00 32.00 103.67 210.00 85.20 35.00 6.00 6.19 124.00 245.00
31.00 1.00 29.70 88.00 167.00 103.40 48.00 4.00 4.38 78.00 184.00
30.00 2.00 25.20 83.00 178.00 118.40 34.00 5.00 4.89 83.00 202.00
19.00 1.00 19.20 87.00 124.00 54.00 57.00 2.00 4.19 90.00 137.00
42.00 1.00 31.90 83.00 158.00 87.60 53.00 3.00 4.49 101.00 85.00
63.00 1.00 24.40 73.00 160.00 91.40 48.00 3.00 4.67 78.00 131.00
67.00 2.00 25.80 113.00 158.00 54.20 64.00 2.00 5.35 104.00 283.00
32.00 1.00 30.50 89.00 182.00 110.60 56.00 3.00 4.37 89.00 129.00
42.00 1.00 20.30 71.00 161.00 81.20 66.00 2.00 4.25 81.00 59.00
58.00 2.00 38.00 103.00 150.00 107.20 22.00 7.00 4.68 98.00 341.00
57.00 1.00 21.70 94.00 157.00 58.00 82.00 2.00 4.47 92.00 87.00
53.00 1.00 20.50 78.00 147.00 84.20 52.00 3.00 4.00 75.00 65.00
62.00 2.00 23.50 80.33 225.00 112.80 86.00 2.62 4.92 96.00 102.00
52.00 1.00 28.50 110.00 195.00 97.20 60.00 3.00 5.29 85.00 265.00
46.00 1.00 27.40 78.00 171.00 88.00 58.00 3.00 4.87 90.00 276.00
48.00 2.00 33.00 123.00 253.00 163.60 44.00 6.00 5.48 97.00 252.00
48.00 2.00 27.70 73.00 191.00 119.40 46.00 4.00 4.89 92.00 90.00
50.00 2.00 25.60 101.00 229.00 162.20 43.00 5.00 4.82 114.00 100.00
21.00 1.00 20.10 63.00 135.00 69.00 54.00 3.00 4.11 89.00 55.00
32.00 2.00 25.40 90.33 153.00 100.40 34.00 4.50 4.56 83.00 61.00
54.00 1.00 24.20 74.00 204.00 109.00 82.00 2.00 4.19 109.00 92.00
61.00 2.00 32.70 97.00 177.00 118.40 29.00 6.00 5.04 87.00 259.00
56.00 2.00 23.10 104.00 181.00 116.40 47.00 4.00 4.50 79.00 53.00
33.00 1.00 25.30 85.00 155.00 85.00 51.00 3.00 4.58 70.00 190.00
27.00 1.00 19.60 78.00 128.00 68.00 43.00 3.00 4.47 71.00 142.00
67.00 2.00 22.50 98.00 191.00 119.20 61.00 3.00 4.00 86.00 75.00
37.00 2.00 27.70 93.00 180.00 119.40 30.00 6.00 5.08 88.00 142.00
58.00 1.00 25.70 99.00 157.00 91.60 49.00 3.00 4.43 93.00 155.00
65.00 2.00 27.90 103.00 159.00 96.80 42.00 4.00 4.65 86.00 225.00
34.00 1.00 25.50 93.00 218.00 144.00 57.00 4.00 4.47 88.00 59.00
46.00 1.00 24.90 115.00 198.00 129.60 54.00 4.00 4.30 103.00 104.00
35.00 1.00 28.70 97.00 204.00 126.80 64.00 3.00 4.21 93.00 182.00
37.00 1.00 21.80 84.00 184.00 101.00 73.00 3.00 3.92 93.00 128.00
37.00 1.00 30.20 87.00 166.00 96.00 40.00 4.15 5.06 87.00 52.00
41.00 1.00 20.50 80.00 124.00 48.80 64.00 2.00 4.04 75.00 37.00
60.00 1.00 20.40 105.00 198.00 78.40 99.00 2.00 4.67 79.00 170.00
66.00 2.00 24.00 98.00 236.00 146.40 58.00 4.00 5.11 96.00 170.00
29.00 1.00 26.00 83.00 141.00 65.20 64.00 2.00 4.09 83.00 61.00
37.00 2.00 26.80 79.00 157.00 98.00 28.00 6.00 5.09 96.00 144.00
41.00 2.00 25.70 83.00 181.00 106.60 66.00 3.00 3.74 85.00 52.00
39.00 1.00 22.90 77.00 204.00 143.20 46.00 4.00 4.33 74.00 128.00
67.00 2.00 24.00 83.00 143.00 77.20 49.00 3.00 4.46 94.00 71.00
36.00 2.00 24.10 112.00 193.00 125.00 35.00 6.00 5.15 95.00 163.00
46.00 2.00 24.70 85.00 174.00 123.20 30.00 6.00 4.68 96.00 150.00
60.00 2.00 25.00 89.67 185.00 120.80 46.00 4.02 4.54 92.00 97.00
59.00 2.00 23.60 83.00 165.00 100.00 47.00 4.00 4.53 92.00 160.00
53.00 1.00 22.10 93.00 134.00 76.20 46.00 3.00 4.09 96.00 178.00
48.00 1.00 19.90 91.00 189.00 109.60 69.00 3.00 3.96 101.00 48.00
48.00 1.00 29.50 131.00 207.00 132.20 47.00 4.00 4.98 106.00 270.00
66.00 2.00 26.00 91.00 264.00 146.60 65.00 4.00 5.63 87.00 202.00
52.00 2.00 24.50 94.00 217.00 149.40 48.00 5.00 4.62 89.00 111.00
52.00 2.00 26.60 111.00 209.00 126.40 61.00 3.00 4.72 109.00 85.00
46.00 2.00 23.50 87.00 181.00 114.80 44.00 4.00 4.74 98.00 42.00
40.00 2.00 29.00 115.00 97.00 47.20 35.00 2.77 4.33 95.00 170.00
22.00 1.00 23.00 73.00 161.00 97.80 54.00 3.00 3.83 91.00 200.00
50.00 1.00 21.00 88.00 140.00 71.80 35.00 4.00 5.16 71.00 252.00
20.00 1.00 22.90 87.00 191.00 128.20 53.00 4.00 3.90 85.00 113.00
68.00 1.00 27.50 107.00 241.00 149.60 64.00 4.00 4.96 90.00 143.00
52.00 2.00 24.30 86.00 197.00 133.60 44.00 5.00 4.61 91.00 51.00
44.00 1.00 23.10 87.00 213.00 126.40 77.00 3.00 3.88 72.00 52.00
38.00 1.00 27.30 81.00 146.00 81.60 47.00 3.00 4.49 81.00 210.00
49.00 1.00 22.70 65.33 168.00 96.20 62.00 2.71 3.90 60.00 65.00
61.00 1.00 33.00 95.00 182.00 114.80 54.00 3.00 4.21 74.00 141.00
29.00 2.00 19.40 83.00 152.00 105.80 39.00 4.00 3.58 83.00 55.00
61.00 1.00 25.80 98.00 235.00 125.80 76.00 3.00 5.16 82.00 134.00
34.00 2.00 22.60 75.00 166.00 91.80 60.00 3.00 4.28 108.00 42.00
36.00 1.00 21.90 89.00 189.00 105.20 68.00 3.00 4.39 96.00 111.00
52.00 1.00 24.00 83.00 167.00 86.60 71.00 2.00 3.86 94.00 98.00
61.00 1.00 31.20 79.00 235.00 156.80 47.00 5.00 5.10 96.00 164.00
43.00 1.00 26.80 123.00 193.00 102.20 67.00 3.00 4.82 94.00 48.00
35.00 1.00 20.40 65.00 187.00 105.60 67.00 2.79 4.30 78.00 96.00
27.00 1.00 24.80 91.00 189.00 106.80 69.00 3.00 4.21 69.00 90.00
29.00 1.00 21.00 71.00 156.00 97.00 38.00 4.00 4.69 90.00 162.00
64.00 2.00 27.30 109.00 186.00 107.60 38.00 5.00 5.36 99.00 150.00
41.00 1.00 34.60 87.33 205.00 142.60 41.00 5.00 4.71 110.00 279.00
49.00 2.00 25.90 91.00 178.00 106.60 52.00 3.00 4.61 75.00 92.00
48.00 1.00 20.40 98.00 209.00 139.40 46.00 5.00 4.81 78.00 83.00
53.00 1.00 28.00 88.00 233.00 143.80 58.00 4.00 5.10 91.00 128.00
53.00 2.00 22.20 113.00 197.00 115.20 67.00 3.00 4.33 100.00 102.00
23.00 1.00 29.00 90.00 216.00 131.40 65.00 3.00 4.62 91.00 302.00
65.00 2.00 30.20 98.00 219.00 160.60 40.00 5.00 4.55 84.00 198.00
41.00 1.00 32.40 94.00 171.00 104.40 56.00 3.00 3.98 76.00 95.00
55.00 2.00 23.40 83.00 166.00 101.60 46.00 4.00 4.55 96.00 53.00
22.00 1.00 19.30 82.00 156.00 93.20 52.00 3.00 4.00 71.00 134.00
56.00 1.00 31.00 78.67 187.00 141.40 34.00 5.50 4.07 90.00 144.00
54.00 2.00 30.60 103.33 144.00 79.80 30.00 4.80 5.19 101.00 232.00
59.00 2.00 25.50 95.33 190.00 139.40 35.00 5.43 4.38 117.00 81.00
60.00 2.00 23.40 88.00 153.00 89.80 58.00 3.00 3.25 95.00 104.00
54.00 1.00 26.80 87.00 206.00 122.00 68.00 3.00 4.41 80.00 59.00
25.00 1.00 28.30 87.00 193.00 128.00 49.00 4.00 4.41 92.00 246.00
54.00 2.00 27.70 113.00 200.00 128.40 37.00 5.00 5.20 113.00 297.00
55.00 1.00 36.60 113.00 199.00 94.40 43.00 4.63 5.80 97.00 258.00
40.00 2.00 26.50 93.00 236.00 147.00 37.00 7.00 5.62 92.00 229.00
62.00 2.00 31.80 115.00 199.00 128.60 44.00 5.00 4.92 98.00 275.00
65.00 1.00 24.40 120.00 222.00 135.60 37.00 6.00 5.57 124.00 281.00
33.00 2.00 25.40 102.00 206.00 141.00 39.00 5.00 4.91 105.00 179.00
53.00 1.00 22.00 94.00 175.00 88.00 59.00 3.00 4.98 98.00 200.00
35.00 1.00 26.80 98.00 162.00 103.60 45.00 4.00 4.22 86.00 200.00
66.00 1.00 28.00 101.00 195.00 129.20 40.00 5.00 4.90 94.00 173.00
62.00 2.00 33.90 101.00 221.00 156.40 35.00 6.00 5.04 103.00 180.00
50.00 2.00 29.60 94.33 300.00 242.40 33.00 9.09 4.85 109.00 84.00
47.00 1.00 28.60 97.00 164.00 90.60 56.00 3.00 4.49 88.00 121.00
47.00 2.00 25.60 94.00 165.00 74.80 40.00 4.00 5.59 93.00 161.00
24.00 1.00 20.70 87.00 149.00 80.60 61.00 2.00 3.61 78.00 99.00
58.00 2.00 26.20 91.00 217.00 124.20 71.00 3.00 4.73 68.00 109.00
34.00 1.00 20.60 87.00 185.00 112.20 58.00 3.00 4.33 74.00 115.00
51.00 1.00 27.90 96.00 196.00 122.20 42.00 5.00 5.12 120.00 268.00
31.00 2.00 35.30 125.00 187.00 112.40 48.00 4.00 4.93 109.00 274.00
22.00 1.00 19.90 75.00 175.00 108.60 54.00 3.00 4.14 72.00 158.00
53.00 2.00 24.40 92.00 214.00 146.00 50.00 4.00 4.53 97.00 107.00
37.00 2.00 21.40 83.00 128.00 69.60 49.00 3.00 3.86 84.00 83.00
28.00 1.00 30.40 85.00 198.00 115.60 67.00 3.00 4.37 80.00 103.00
47.00 1.00 31.60 84.00 154.00 88.00 30.00 5.10 5.25 105.00 272.00
23.00 1.00 18.80 78.00 145.00 72.00 63.00 2.00 3.92 86.00 85.00
50.00 1.00 31.00 123.00 178.00 105.00 48.00 4.00 4.87 88.00 280.00
58.00 2.00 36.70 117.00 166.00 93.80 44.00 4.00 4.99 109.00 336.00
55.00 1.00 32.10 110.00 164.00 84.20 42.00 4.00 5.29 90.00 281.00
60.00 2.00 27.70 107.00 167.00 114.60 38.00 4.00 4.30 95.00 118.00
41.00 1.00 30.80 81.00 214.00 152.00 28.00 7.60 5.19 123.00 317.00
60.00 2.00 27.50 106.00 229.00 143.80 51.00 4.00 5.19 91.00 235.00
40.00 1.00 26.90 92.00 203.00 119.80 70.00 3.00 4.21 81.00 60.00
57.00 2.00 30.70 90.00 204.00 147.80 34.00 6.00 4.74 93.00 174.00
37.00 1.00 38.30 113.00 165.00 94.60 53.00 3.00 4.49 79.00 259.00
40.00 2.00 31.90 95.00 198.00 135.60 38.00 5.00 4.84 93.00 178.00
33.00 1.00 35.00 89.00 200.00 130.40 42.00 4.76 4.97 101.00 128.00
32.00 2.00 27.80 89.00 216.00 146.20 55.00 4.00 4.33 91.00 96.00
35.00 2.00 25.90 81.00 174.00 102.40 31.00 6.00 5.37 82.00 126.00
55.00 1.00 32.90 102.00 164.00 106.20 41.00 4.00 4.46 89.00 288.00
49.00 1.00 26.00 93.00 183.00 100.20 64.00 3.00 4.57 88.00 88.00
39.00 2.00 26.30 115.00 218.00 158.20 32.00 7.00 4.98 109.00 292.00
60.00 2.00 22.30 113.00 186.00 125.80 46.00 4.00 4.28 94.00 71.00
67.00 2.00 28.30 93.00 204.00 132.20 49.00 4.00 4.77 92.00 197.00
41.00 2.00 32.00 109.00 251.00 170.60 49.00 5.00 5.10 103.00 186.00
44.00 1.00 25.40 95.00 162.00 92.60 53.00 3.00 4.43 83.00 25.00
48.00 2.00 23.30 89.33 212.00 142.80 46.00 4.61 4.79 98.00 84.00
45.00 1.00 20.30 74.33 190.00 126.20 49.00 3.88 4.33 79.00 96.00
47.00 1.00 30.40 120.00 199.00 120.00 46.00 4.00 5.15 87.00 195.00
46.00 1.00 20.60 73.00 172.00 107.00 51.00 3.00 4.27 80.00 53.00
36.00 2.00 32.30 115.00 286.00 199.40 39.00 7.00 5.53 112.00 217.00
34.00 1.00 29.20 73.00 172.00 108.20 49.00 4.00 4.33 91.00 172.00
53.00 2.00 33.10 117.00 183.00 119.00 48.00 4.00 4.41 106.00 131.00
61.00 1.00 24.60 101.00 209.00 106.80 77.00 3.00 4.88 88.00 214.00
37.00 1.00 20.20 81.00 162.00 87.80 63.00 3.00 4.04 88.00 59.00
33.00 2.00 20.80 84.00 125.00 70.20 46.00 3.00 3.79 66.00 70.00
68.00 1.00 32.80 105.67 205.00 116.40 40.00 5.13 5.55 117.00 220.00
49.00 2.00 31.90 94.00 234.00 155.80 34.00 7.00 5.46 122.00 268.00
48.00 1.00 23.90 109.00 232.00 105.20 37.00 6.00 6.19 96.00 152.00
55.00 2.00 24.50 84.00 179.00 105.80 66.00 3.00 3.58 87.00 47.00
43.00 1.00 22.10 66.00 134.00 77.20 45.00 3.00 4.09 80.00 74.00
60.00 2.00 33.00 97.00 217.00 125.60 45.00 5.00 5.51 112.00 295.00
31.00 2.00 19.00 93.00 137.00 73.00 47.00 3.00 4.47 78.00 101.00
53.00 2.00 27.30 82.00 119.00 55.00 39.00 3.00 4.87 93.00 151.00
67.00 1.00 22.80 87.00 166.00 98.60 52.00 3.00 4.37 92.00 127.00
61.00 2.00 28.20 106.00 204.00 132.00 52.00 4.00 4.64 96.00 237.00
62.00 1.00 28.90 87.33 206.00 127.20 33.00 6.24 5.49 99.00 225.00
60.00 1.00 25.60 87.00 207.00 125.80 69.00 3.00 4.13 84.00 81.00
42.00 1.00 24.90 91.00 204.00 141.80 38.00 5.00 4.83 89.00 151.00
38.00 2.00 26.80 105.00 181.00 119.20 37.00 5.00 4.86 91.00 107.00
62.00 1.00 22.40 79.00 222.00 147.40 59.00 4.00 4.38 76.00 64.00
61.00 2.00 26.90 111.00 236.00 172.40 39.00 6.00 4.85 89.00 138.00
61.00 2.00 23.10 113.00 186.00 114.40 47.00 4.00 4.85 105.00 185.00
53.00 1.00 28.60 88.00 171.00 98.80 41.00 4.00 5.10 99.00 265.00
28.00 2.00 24.70 97.00 175.00 99.60 32.00 5.00 5.44 87.00 101.00
26.00 2.00 30.30 89.00 218.00 152.20 31.00 7.00 5.21 82.00 137.00
30.00 1.00 21.30 87.00 134.00 63.00 63.00 2.00 3.69 66.00 143.00
50.00 1.00 26.10 109.00 243.00 160.60 62.00 4.00 4.66 89.00 141.00
48.00 1.00 20.20 95.00 187.00 117.40 53.00 4.00 4.44 85.00 79.00
51.00 1.00 25.20 103.00 176.00 112.20 37.00 5.00 4.94 90.00 292.00
47.00 2.00 22.50 82.00 131.00 66.80 41.00 3.00 4.79 89.00 178.00
64.00 2.00 23.50 97.00 203.00 129.00 59.00 3.00 4.34 77.00 91.00
51.00 2.00 25.90 76.00 240.00 169.00 39.00 6.00 5.12 96.00 116.00
30.00 1.00 20.90 104.00 152.00 83.80 47.00 3.00 4.70 97.00 86.00
56.00 2.00 28.70 99.00 208.00 146.40 39.00 5.00 4.76 97.00 122.00
42.00 1.00 22.10 85.00 213.00 138.60 60.00 4.00 4.30 94.00 72.00
62.00 2.00 26.70 115.00 183.00 124.00 35.00 5.00 4.83 100.00 129.00
34.00 1.00 31.40 87.00 149.00 93.80 46.00 3.00 3.83 77.00 142.00
60.00 1.00 22.20 104.67 221.00 105.40 60.00 3.68 5.69 93.00 90.00
64.00 1.00 21.00 92.33 227.00 146.80 65.00 3.49 4.35 102.00 158.00
39.00 2.00 21.20 90.00 182.00 110.40 60.00 3.00 4.07 98.00 39.00
71.00 2.00 26.50 105.00 281.00 173.60 55.00 5.00 5.63 84.00 196.00
48.00 2.00 29.20 110.00 218.00 151.60 39.00 6.00 4.96 98.00 222.00
79.00 2.00 27.00 103.00 169.00 110.80 37.00 5.00 4.70 110.00 277.00
40.00 1.00 30.70 99.00 177.00 85.40 50.00 4.00 5.39 85.00 99.00
49.00 2.00 28.80 92.00 207.00 140.00 44.00 5.00 4.78 92.00 196.00
51.00 1.00 30.60 103.00 198.00 106.60 57.00 3.00 5.20 100.00 202.00
57.00 1.00 30.10 117.00 202.00 139.60 42.00 5.00 4.66 120.00 155.00
59.00 2.00 24.70 114.00 152.00 104.80 29.00 5.00 4.54 88.00 77.00
51.00 1.00 27.70 99.00 229.00 145.60 69.00 3.00 4.30 77.00 191.00
74.00 1.00 29.80 101.00 171.00 104.80 50.00 3.00 4.42 86.00 70.00
67.00 1.00 26.70 105.00 225.00 135.40 69.00 3.00 4.67 96.00 73.00
49.00 1.00 19.80 88.00 188.00 114.80 57.00 3.00 4.42 93.00 49.00
57.00 1.00 23.30 88.00 155.00 63.60 78.00 2.00 4.22 78.00 65.00
56.00 2.00 35.10 123.00 164.00 95.00 38.00 4.00 5.09 117.00 263.00
52.00 2.00 29.70 109.00 228.00 162.80 31.00 8.00 5.19 103.00 248.00
69.00 1.00 29.30 124.00 223.00 139.00 54.00 4.00 5.06 102.00 296.00
37.00 1.00 20.30 83.00 185.00 124.60 38.00 5.00 4.75 88.00 214.00
24.00 1.00 22.50 89.00 141.00 68.00 52.00 3.00 4.69 84.00 185.00
55.00 2.00 22.70 93.00 154.00 94.20 53.00 3.00 3.52 75.00 78.00
36.00 1.00 22.80 87.00 178.00 116.00 41.00 4.00 4.69 82.00 93.00
42.00 2.00 24.00 107.00 150.00 85.00 44.00 3.00 4.69 96.00 252.00
21.00 1.00 24.20 76.00 147.00 77.00 53.00 3.00 4.47 79.00 150.00
41.00 1.00 20.20 62.00 153.00 89.00 50.00 3.00 4.27 89.00 77.00
57.00 2.00 29.40 109.00 160.00 87.60 31.00 5.00 5.39 92.00 208.00
20.00 2.00 22.10 87.00 171.00 99.60 58.00 3.00 4.22 78.00 77.00
67.00 2.00 23.60 111.33 189.00 105.40 70.00 2.70 4.24 93.00 108.00
34.00 1.00 25.20 77.00 189.00 120.60 53.00 4.00 4.37 79.00 160.00
41.00 2.00 24.90 86.00 192.00 115.00 61.00 3.00 4.41 94.00 53.00
38.00 2.00 33.00 78.00 301.00 215.00 50.00 6.02 5.24 108.00 220.00
51.00 1.00 23.50 101.00 195.00 121.00 51.00 4.00 4.78 94.00 154.00
52.00 2.00 26.40 91.33 218.00 152.00 39.00 5.59 4.95 99.00 259.00
67.00 1.00 29.80 80.00 172.00 93.40 63.00 3.00 4.38 82.00 90.00
61.00 1.00 30.00 108.00 194.00 100.00 52.00 3.73 5.40 105.00 246.00
67.00 2.00 25.00 111.67 146.00 93.40 33.00 4.42 4.62 103.00 124.00
56.00 1.00 27.00 105.00 247.00 160.60 54.00 5.00 5.14 94.00 67.00
64.00 1.00 20.00 74.67 189.00 114.80 62.00 3.05 4.13 91.00 72.00
58.00 2.00 25.50 112.00 163.00 110.60 29.00 6.00 4.80 86.00 257.00
55.00 1.00 28.20 91.00 250.00 140.20 67.00 4.00 5.42 103.00 262.00
62.00 2.00 33.30 114.00 182.00 114.00 38.00 5.00 5.06 96.00 275.00
57.00 2.00 25.60 96.00 200.00 133.00 52.00 3.85 4.34 105.00 177.00
20.00 2.00 24.20 88.00 126.00 72.20 45.00 3.00 3.79 74.00 71.00
53.00 2.00 22.10 98.00 165.00 105.20 47.00 4.00 4.18 81.00 47.00
32.00 2.00 31.40 89.00 153.00 84.20 56.00 3.00 4.18 90.00 187.00
41.00 1.00 23.10 86.00 148.00 78.00 58.00 3.00 4.11 60.00 125.00
60.00 1.00 23.40 76.67 247.00 148.00 65.00 3.80 5.19 77.00 78.00
26.00 1.00 18.80 83.00 191.00 103.60 69.00 3.00 4.55 69.00 51.00
37.00 1.00 30.80 112.00 282.00 197.20 43.00 7.00 5.40 101.00 258.00
45.00 1.00 32.00 110.00 224.00 134.20 45.00 5.00 5.47 93.00 215.00
67.00 1.00 31.60 116.00 179.00 90.40 41.00 4.00 5.53 100.00 303.00
34.00 2.00 35.50 120.00 233.00 146.60 34.00 7.00 5.63 101.00 243.00
50.00 1.00 31.90 78.33 207.00 149.20 38.00 5.45 4.63 84.00 91.00
71.00 1.00 29.50 97.00 227.00 151.60 45.00 5.00 5.07 108.00 150.00
57.00 2.00 31.60 117.00 225.00 107.60 40.00 6.00 6.03 113.00 310.00
49.00 1.00 20.30 93.00 184.00 103.00 61.00 3.00 4.64 93.00 153.00
35.00 1.00 41.30 81.00 168.00 102.80 37.00 5.00 4.99 94.00 346.00
41.00 2.00 21.20 102.00 184.00 100.40 64.00 3.00 4.62 79.00 63.00
70.00 2.00 24.10 82.33 194.00 149.20 31.00 6.26 4.25 105.00 89.00
52.00 1.00 23.00 107.00 179.00 123.70 42.50 4.21 4.18 93.00 50.00
60.00 1.00 25.60 78.00 195.00 95.40 91.00 2.00 3.77 87.00 39.00
62.00 1.00 22.50 125.00 215.00 99.00 98.00 2.00 4.53 95.00 103.00
44.00 2.00 38.20 123.00 201.00 126.60 44.00 5.00 5.07 92.00 308.00
28.00 2.00 19.20 81.00 155.00 94.60 51.00 3.00 3.86 87.00 116.00
58.00 2.00 29.00 85.00 156.00 109.20 36.00 4.00 4.00 86.00 145.00
39.00 2.00 24.00 89.67 190.00 113.60 52.00 3.65 4.84 101.00 74.00
34.00 2.00 20.60 98.00 183.00 92.00 83.00 2.00 3.69 92.00 45.00
65.00 1.00 26.30 70.00 244.00 166.20 51.00 5.00 4.94 98.00 115.00
66.00 2.00 34.60 115.00 204.00 139.40 36.00 6.00 5.01 109.00 264.00
51.00 1.00 23.40 87.00 220.00 108.80 93.00 2.00 4.54 82.00 87.00
50.00 2.00 29.20 119.00 162.00 85.20 54.00 3.00 4.77 95.00 202.00
59.00 2.00 27.20 107.00 158.00 102.00 39.00 4.00 4.47 93.00 127.00
52.00 1.00 27.00 78.33 134.00 73.00 44.00 3.05 4.47 69.00 182.00
69.00 2.00 24.50 108.00 243.00 136.40 40.00 6.00 5.88 100.00 241.00
53.00 1.00 24.10 105.00 184.00 113.40 46.00 4.00 4.85 95.00 66.00
47.00 2.00 25.30 98.00 173.00 105.60 44.00 4.00 4.80 108.00 94.00
52.00 1.00 28.80 113.00 280.00 174.00 67.00 4.00 5.33 86.00 283.00
39.00 1.00 20.90 95.00 150.00 65.60 68.00 2.00 4.43 95.00 64.00
67.00 2.00 23.00 70.00 184.00 128.00 35.00 5.00 4.69 99.00 102.00
59.00 2.00 24.10 96.00 170.00 98.60 54.00 3.00 4.49 85.00 200.00
51.00 2.00 28.10 106.00 202.00 122.20 55.00 4.00 4.86 87.00 265.00
23.00 2.00 18.00 78.00 171.00 96.00 48.00 4.00 4.95 92.00 94.00
68.00 1.00 25.90 93.00 253.00 181.20 53.00 5.00 4.57 98.00 230.00
44.00 1.00 21.50 85.00 157.00 92.20 55.00 3.00 3.90 84.00 181.00
60.00 2.00 24.30 103.00 141.00 86.60 33.00 4.00 4.71 78.00 156.00
52.00 1.00 24.50 90.00 198.00 129.00 29.00 7.00 5.35 86.00 233.00
38.00 1.00 21.30 72.00 165.00 60.20 88.00 2.00 4.46 90.00 60.00
61.00 1.00 25.80 90.00 280.00 195.40 55.00 5.00 5.04 90.00 219.00
68.00 2.00 24.80 101.00 221.00 151.40 60.00 4.00 3.88 87.00 80.00
28.00 2.00 31.50 83.00 228.00 149.40 38.00 6.00 5.37 83.00 68.00
65.00 2.00 33.50 102.00 190.00 126.20 35.00 5.00 5.01 102.00 332.00
69.00 1.00 28.10 113.00 234.00 142.80 52.00 4.00 5.33 77.00 248.00
51.00 1.00 24.30 85.33 153.00 71.60 71.00 2.15 3.96 82.00 84.00
29.00 1.00 35.00 98.33 204.00 142.60 50.00 4.08 4.06 91.00 200.00
55.00 2.00 23.50 93.00 177.00 126.80 41.00 4.00 3.83 83.00 55.00
34.00 2.00 30.00 83.00 185.00 107.20 53.00 3.00 4.86 92.00 85.00
67.00 1.00 20.70 83.00 170.00 99.80 59.00 3.00 4.04 77.00 89.00
49.00 1.00 25.60 76.00 161.00 99.80 51.00 3.00 3.94 78.00 31.00
55.00 2.00 22.90 81.00 123.00 67.20 41.00 3.00 4.33 88.00 129.00
59.00 2.00 25.10 90.00 163.00 101.40 46.00 4.00 4.38 91.00 83.00
53.00 1.00 33.20 82.67 186.00 106.80 46.00 4.04 5.16 102.00 275.00
48.00 2.00 24.10 110.00 209.00 134.60 58.00 4.00 4.43 100.00 65.00
52.00 1.00 29.50 104.33 211.00 132.80 49.00 4.31 5.03 98.00 198.00
69.00 1.00 29.60 122.00 231.00 128.40 56.00 4.00 5.51 86.00 236.00
60.00 2.00 22.80 110.00 245.00 189.80 39.00 6.00 4.42 88.00 253.00
46.00 2.00 22.70 83.00 183.00 125.80 32.00 6.00 4.88 75.00 124.00
51.00 2.00 26.20 101.00 161.00 99.60 48.00 3.00 4.22 88.00 44.00
67.00 2.00 23.50 96.00 207.00 138.20 42.00 5.00 4.94 111.00 172.00
49.00 1.00 22.10 85.00 136.00 63.40 62.00 2.19 3.98 72.00 114.00
46.00 2.00 26.50 94.00 247.00 160.20 59.00 4.00 4.98 111.00 142.00
47.00 1.00 32.40 105.00 188.00 125.00 46.00 4.09 4.47 99.00 109.00
75.00 1.00 30.10 78.00 222.00 154.20 44.00 5.05 4.82 97.00 180.00
28.00 1.00 24.20 93.00 174.00 106.40 54.00 3.00 4.24 84.00 144.00
65.00 2.00 31.30 110.00 213.00 128.00 47.00 5.00 5.30 91.00 163.00
42.00 1.00 30.10 91.00 182.00 114.80 49.00 4.00 4.54 82.00 147.00
51.00 1.00 24.50 79.00 212.00 128.60 65.00 3.00 4.55 91.00 97.00
53.00 2.00 27.70 95.00 190.00 101.80 41.00 5.00 5.52 101.00 220.00
54.00 1.00 23.20 110.67 238.00 162.80 48.00 4.96 4.95 108.00 190.00
73.00 1.00 27.00 102.00 211.00 121.00 67.00 3.00 4.78 99.00 109.00
54.00 1.00 26.80 108.00 176.00 80.60 67.00 3.00 5.00 106.00 191.00
42.00 1.00 29.20 93.00 249.00 174.20 45.00 6.00 5.05 92.00 122.00
75.00 1.00 31.20 117.67 229.00 138.80 29.00 7.90 5.79 106.00 230.00
55.00 2.00 32.10 112.67 207.00 92.40 25.00 8.28 6.19 111.00 242.00
68.00 2.00 25.70 109.00 233.00 112.60 35.00 7.00 6.14 105.00 248.00
57.00 1.00 26.90 98.00 246.00 165.20 38.00 7.00 5.42 96.00 249.00
48.00 1.00 31.40 75.33 242.00 151.60 38.00 6.37 5.63 103.00 192.00
61.00 2.00 25.60 85.00 184.00 116.20 39.00 5.00 5.01 98.00 131.00
69.00 1.00 37.00 103.00 207.00 131.40 55.00 4.00 4.67 90.00 237.00
38.00 1.00 32.60 77.00 168.00 100.60 47.00 4.00 4.66 96.00 78.00
45.00 2.00 21.20 94.00 169.00 96.80 55.00 3.00 4.48 102.00 135.00
51.00 2.00 29.20 107.00 187.00 139.00 32.00 6.00 4.41 95.00 244.00
71.00 2.00 24.00 84.00 138.00 85.80 39.00 4.00 4.21 90.00 199.00
57.00 1.00 36.10 117.00 181.00 108.20 34.00 5.00 5.32 100.00 270.00
56.00 2.00 25.80 103.00 177.00 114.40 34.00 5.00 5.01 99.00 164.00
32.00 2.00 22.00 88.00 137.00 78.60 48.00 3.00 3.96 78.00 72.00
50.00 1.00 21.90 91.00 190.00 111.20 67.00 3.00 4.09 77.00 96.00
43.00 1.00 34.30 84.00 256.00 172.60 33.00 8.00 5.59 104.00 306.00
54.00 2.00 25.20 115.00 181.00 120.00 39.00 5.00 4.74 92.00 91.00
31.00 1.00 23.30 85.00 190.00 130.80 43.00 4.00 4.42 77.00 214.00
56.00 1.00 25.70 80.00 244.00 151.60 59.00 4.00 5.17 95.00 95.00
44.00 1.00 25.10 133.00 182.00 113.00 55.00 3.00 4.27 84.00 216.00
57.00 2.00 31.90 111.00 173.00 116.20 41.00 4.00 4.39 87.00 263.00
64.00 2.00 28.40 111.00 184.00 127.00 41.00 4.00 4.41 97.00 178.00
43.00 1.00 28.10 121.00 192.00 121.00 60.00 3.00 4.02 93.00 113.00
19.00 1.00 25.30 83.00 225.00 156.60 46.00 5.00 4.75 84.00 200.00
71.00 2.00 26.10 85.00 220.00 152.40 47.00 5.00 4.67 91.00 139.00
50.00 2.00 28.00 104.00 282.00 196.80 44.00 6.00 5.38 95.00 139.00
59.00 2.00 23.60 73.00 180.00 107.40 51.00 4.00 4.72 84.00 88.00
57.00 1.00 24.50 93.00 186.00 96.60 71.00 3.00 4.55 91.00 148.00
49.00 2.00 21.00 82.00 119.00 85.40 23.00 5.00 3.98 74.00 88.00
41.00 2.00 32.00 126.00 198.00 104.20 49.00 4.00 5.47 124.00 243.00
25.00 2.00 22.60 85.00 130.00 71.00 48.00 3.00 4.02 81.00 71.00
52.00 2.00 19.70 81.00 152.00 53.40 82.00 2.00 4.44 82.00 77.00
34.00 1.00 21.20 84.00 254.00 113.40 52.00 5.00 6.17 92.00 109.00
42.00 2.00 30.60 101.00 269.00 172.20 50.00 5.00 5.52 106.00 272.00
28.00 2.00 25.50 99.00 162.00 101.60 46.00 4.00 4.30 94.00 60.00
47.00 2.00 23.30 90.00 195.00 125.80 54.00 4.00 4.35 73.00 54.00
32.00 2.00 31.00 100.00 177.00 96.20 45.00 4.00 5.24 77.00 221.00
43.00 1.00 18.50 87.00 163.00 93.60 61.00 2.67 3.74 80.00 90.00
59.00 2.00 26.90 104.00 194.00 126.60 43.00 5.00 4.84 106.00 311.00
53.00 1.00 28.30 101.00 179.00 107.00 48.00 4.00 4.83 101.00 281.00
60.00 1.00 25.70 103.00 158.00 84.60 64.00 2.00 3.86 97.00 182.00
54.00 2.00 36.10 115.00 163.00 98.40 43.00 4.00 4.72 101.00 321.00
35.00 2.00 24.10 94.67 155.00 97.40 32.00 4.84 4.89 94.00 58.00
49.00 2.00 25.80 89.00 182.00 118.60 39.00 5.00 4.84 115.00 262.00
58.00 1.00 22.80 91.00 196.00 118.80 48.00 4.00 5.03 115.00 206.00
36.00 2.00 39.10 90.00 219.00 135.80 38.00 6.00 5.48 103.00 233.00
46.00 2.00 42.20 99.00 211.00 137.00 44.00 5.00 5.06 99.00 242.00
44.00 2.00 26.60 99.00 205.00 109.00 43.00 5.00 5.64 111.00 123.00
46.00 1.00 29.90 83.00 171.00 113.00 38.00 4.50 4.62 98.00 167.00
54.00 1.00 21.00 78.00 188.00 107.40 70.00 3.00 3.98 73.00 63.00
63.00 2.00 25.50 109.00 226.00 103.20 46.00 5.00 6.03 87.00 197.00
41.00 2.00 24.20 90.00 199.00 123.60 57.00 4.00 4.55 86.00 71.00
28.00 1.00 25.40 93.00 141.00 79.00 49.00 3.00 4.19 91.00 168.00
19.00 1.00 23.20 75.00 143.00 70.40 52.00 3.00 4.67 72.00 140.00
61.00 2.00 26.10 126.00 215.00 129.80 57.00 4.00 4.99 96.00 217.00
48.00 1.00 32.70 93.00 276.00 198.60 43.00 6.42 5.20 91.00 121.00
54.00 2.00 27.30 100.00 200.00 144.00 33.00 6.00 4.78 76.00 235.00
53.00 2.00 26.60 93.00 185.00 122.40 36.00 5.00 4.93 82.00 245.00
48.00 1.00 22.80 101.00 110.00 41.60 56.00 2.00 4.14 97.00 40.00
53.00 1.00 28.80 111.67 145.00 87.20 46.00 3.15 4.09 85.00 52.00
29.00 2.00 18.10 73.00 158.00 99.00 41.00 4.00 4.53 78.00 104.00
62.00 1.00 32.00 88.00 172.00 69.00 38.00 4.00 5.85 100.00 132.00
50.00 2.00 23.70 92.00 166.00 97.00 52.00 3.00 4.47 93.00 88.00
58.00 2.00 23.60 96.00 257.00 171.00 59.00 4.00 4.95 82.00 69.00
55.00 2.00 24.60 109.00 143.00 76.40 51.00 3.00 4.38 88.00 219.00
54.00 1.00 22.60 90.00 183.00 104.20 64.00 3.00 4.33 92.00 72.00
36.00 1.00 27.80 73.00 153.00 104.40 42.00 4.00 3.49 73.00 201.00
63.00 2.00 24.10 111.00 184.00 112.20 44.00 4.00 4.98 82.00 110.00
47.00 2.00 26.50 70.00 181.00 104.80 63.00 3.00 4.21 70.00 51.00
51.00 2.00 32.80 112.00 202.00 100.60 37.00 5.00 5.84 109.00 277.00
42.00 1.00 19.90 76.00 146.00 83.20 55.00 3.00 3.66 79.00 63.00
37.00 2.00 23.60 94.00 205.00 138.80 53.00 4.00 4.21 107.00 118.00
28.00 1.00 22.10 82.00 168.00 100.60 54.00 3.00 4.22 86.00 69.00
58.00 1.00 28.10 111.00 198.00 80.60 31.00 6.00 6.15 93.00 273.00
32.00 1.00 26.50 86.00 184.00 101.60 53.00 4.00 5.03 78.00 258.00
25.00 2.00 23.50 88.00 143.00 80.80 55.00 3.00 3.58 83.00 43.00
63.00 1.00 26.00 85.67 155.00 78.20 46.00 3.37 5.08 97.00 198.00
52.00 1.00 27.80 85.00 219.00 136.00 49.00 4.00 5.19 75.00 242.00
65.00 2.00 28.50 109.00 201.00 123.00 46.00 4.00 5.12 96.00 232.00
42.00 1.00 30.60 121.00 176.00 92.80 69.00 3.00 4.28 89.00 175.00
53.00 1.00 22.20 78.00 164.00 81.00 70.00 2.00 4.19 101.00 93.00
79.00 2.00 23.30 88.00 186.00 128.40 33.00 6.00 4.85 102.00 168.00
43.00 1.00 35.40 93.00 185.00 100.20 44.00 4.00 5.37 101.00 275.00
44.00 1.00 31.40 115.00 165.00 97.60 52.00 3.00 4.37 89.00 293.00
62.00 2.00 37.80 119.00 113.00 51.00 31.00 4.00 5.09 84.00 281.00
33.00 1.00 18.90 70.00 162.00 91.80 59.00 3.00 4.04 58.00 72.00
56.00 1.00 35.00 79.33 195.00 140.80 42.00 4.64 4.13 96.00 140.00
66.00 1.00 21.70 126.00 212.00 127.80 45.00 4.71 5.33 101.00 189.00
34.00 2.00 25.30 111.00 230.00 162.00 39.00 6.00 5.02 90.00 181.00
46.00 2.00 23.80 97.00 224.00 139.20 42.00 5.00 5.42 81.00 209.00
50.00 1.00 31.80 82.00 136.00 69.20 55.00 2.00 4.09 85.00 136.00
69.00 1.00 34.30 113.00 200.00 123.80 54.00 4.00 4.74 112.00 261.00
34.00 1.00 26.30 87.00 197.00 120.00 63.00 3.00 4.27 96.00 113.00
71.00 2.00 27.00 93.33 269.00 190.20 41.00 6.56 5.29 93.00 131.00
47.00 1.00 27.20 80.00 208.00 145.60 38.00 6.00 4.84 92.00 174.00
41.00 1.00 33.80 123.33 187.00 127.00 45.00 4.16 4.34 100.00 257.00
34.00 1.00 33.00 73.00 178.00 114.60 51.00 3.49 4.14 92.00 55.00
51.00 1.00 24.10 87.00 261.00 175.60 69.00 4.00 4.43 93.00 84.00
43.00 1.00 21.30 79.00 141.00 78.80 53.00 3.00 3.83 90.00 42.00
55.00 1.00 23.00 94.67 190.00 137.60 38.00 5.00 4.30 106.00 146.00
59.00 2.00 27.90 101.00 218.00 144.20 38.00 6.00 5.24 95.00 212.00
27.00 2.00 33.60 110.00 246.00 156.60 57.00 4.00 5.14 89.00 233.00
51.00 2.00 22.70 103.00 217.00 162.40 30.00 7.00 4.85 80.00 91.00
49.00 2.00 27.40 89.00 177.00 113.00 37.00 5.00 4.95 97.00 111.00
27.00 1.00 22.60 71.00 116.00 43.40 56.00 2.00 4.44 79.00 152.00
57.00 2.00 23.20 107.33 231.00 159.40 41.00 5.63 5.08 112.00 120.00
39.00 2.00 26.90 93.00 136.00 75.40 48.00 3.00 4.16 99.00 67.00
62.00 2.00 34.60 120.00 215.00 129.20 43.00 5.00 5.42 123.00 310.00
37.00 1.00 23.30 88.00 223.00 142.00 65.00 3.40 4.38 82.00 94.00
46.00 1.00 21.10 80.00 205.00 144.40 42.00 5.00 4.56 87.00 183.00
68.00 2.00 23.50 101.00 162.00 85.40 59.00 3.00 4.50 91.00 66.00
51.00 1.00 31.50 93.00 231.00 144.00 49.00 4.70 5.31 117.00 173.00
41.00 1.00 20.80 86.00 223.00 128.20 83.00 3.00 4.09 89.00 72.00
53.00 1.00 26.50 97.00 193.00 122.40 58.00 3.00 4.16 99.00 49.00
45.00 1.00 24.20 83.00 177.00 118.40 45.00 4.00 4.24 82.00 64.00
33.00 1.00 19.50 80.00 171.00 85.40 75.00 2.00 3.98 80.00 48.00
60.00 2.00 28.20 112.00 185.00 113.80 42.00 4.00 5.03 93.00 178.00
47.00 2.00 24.90 75.00 225.00 166.00 42.00 5.00 4.47 102.00 104.00
60.00 2.00 24.90 99.67 162.00 106.60 43.00 3.77 4.14 95.00 132.00
36.00 1.00 30.00 95.00 201.00 125.20 42.00 4.79 5.18 85.00 220.00
36.00 1.00 19.60 71.00 250.00 133.20 97.00 3.00 4.63 92.00 57.00
