14589201
18771139
10432101
45168526
16297784
45477668
34560915
28718914
31235704
11681553
38940739
14968996
19382348
46412600
33805257
27689713
22252745
32690245
25309163
28468369
17635600
14371742
25396889
31620081
45577349
40372241
48369685
32706180
40356217
46949008
26933859
10593921
49460671
28391136
41437164
26883600
15112823
29017353
40787090
42816518
17536567
46704772
28476085
26620668
45575937
45465270
27420354
43246033
40467161
31165606
45514931
19149400
19961838
14629945
22641516
43083991
15365606
26849866
21225812
32983043
22243190
46821080
29400692
43499848
10253890
44647355
18601321
33929633
32667076
40045470
36715924
19661698
23477919
27869820
39295325
41146345
45973432
32002595
12128829
45186528
24395842
49236170
49137438
10228872
35507012
18903735
22871689
34383893
19441098
36309554
36335188
42274235
36800933
38081286
33258135
26882714
45296248
41348762
42812271
17067959
48685316
34621983
32885111
43462758
42734821
15999295
48122950
36926217
28807230
17199241
44291595
41336594
10574262
44738421
31736693
32143078
44960297
18939363
21922094
38351128
12299158
21009506
26109439
32815416
20051224
20816194
12265301
18650415
49045339
11095446
